NHL Win Probability Model (LogReg + PP/PK)
==========================================
Test seasons: 2019+
Rows: 9,127

Brier:   0.210656
LogLoss: 0.608632
ROC-AUC: 0.728819

Calibration bins:
          bin  count  avg_pred  win_rate
(-0.001, 0.1]     97  0.067762  0.113402
   (0.1, 0.2]    313  0.158610  0.115016
   (0.2, 0.3]    718  0.255566  0.246518
   (0.3, 0.4]   1320  0.354869  0.323485
   (0.4, 0.5]   1817  0.451022  0.439185
   (0.5, 0.6]   2006  0.549004  0.565304
   (0.6, 0.7]   1490  0.646067  0.664430
   (0.7, 0.8]    840  0.745684  0.819048
   (0.8, 0.9]    422  0.843917  0.827014
   (0.9, 1.0]    104  0.933151  0.951923

Season Brier:
 season    brier
   2019 0.207533
   2020 0.221943
   2021 0.205470
   2022 0.206595
   2023 0.204379
   2024 0.213721
   2025 0.218997
   2026 0.185546
